0 100 0  95.1 100 30.9  58.8 100 80.9  255 255 255
0 100 0  58.8 100 80.9  -58.8 100 80.9  255 255 255
0 100 0  -58.8 100 80.9  -95.1 100 30.9  255 255 255
0 100 0  -95.1 100 30.9  0 100 0  255 255 255
0 100 0  0 100 0  95.1 100 30.9  255 255 255

0 -100 0  95.1 -100 30.9  58.8 -100 80.9  255 0 0
0 -100 0  58.8 -100 80.9  -58.8 -100 80.9  255 0 0
0 -100 0  -58.8 -100 80.9  -95.1 -100 30.9  255 0 0
0 -100 0  -95.1 -100 30.9  0 -100 0  255 0 0
0 -100 0  0 -100 0  95.1 -100 30.9  255 0 0

95.1 100 30.9  95.1 -100 30.9  58.8 -100 80.9  0 255 0
95.1 100 30.9  58.8 -100 80.9  58.8 100 80.9  0 255 0

58.8 100 80.9  58.8 -100 80.9  -58.8 -100 80.9  0 0 255
58.8 100 80.9  -58.8 -100 80.9  -58.8 100 80.9  0 0 255

-58.8 100 80.9  -58.8 -100 80.9  -95.1 -100 30.9  255 255 0
-58.8 100 80.9  -95.1 -100 30.9  -95.1 100 30.9  255 255 0

-95.1 100 30.9  -95.1 -100 30.9  0 -100 0  0 255 255
-95.1 100 30.9  0 -100 0  0 100 0  0 255 255

0 100 0  0 -100 0  95.1 -100 30.9  255 0 255
0 100 0  95.1 -100 30.9  95.1 100 30.9  255 0 255